Decoding coefficients
---------------------

    EL      AZ    W                 X                  Y                  Z
1   35.26   45    0.125000000000000 0.216494623077544  0.216529812402237  0.216494623077545
2   35.26   -45   0.125000000000000 -0.216494623077544 0.216529812402236  0.216494623077545
3   35.26   -135  0.125000000000000 -0.216494623077544 0.216529812402237  -0.216494623077545
4   35.26   135   0.125000000000000 0.216494623077544  0.216529812402237  -0.216494623077545
5   -35.26  45    0.125000000000000 0.216494623077544  -0.216529812402237 0.216494623077545
6   -35.26  -45   0.125000000000000 -0.216494623077544 -0.216529812402237 0.216494623077545
7   -35.26  -135  0.125000000000000 -0.216494623077544 -0.216529812402237 -0.216494623077545
8   -35.26  135   0.125000000000000 0.216494623077544  -0.216529812402237 -0.216494623077545
